avg <- 103.5
lo <- avg-(1.968*10/25**0.5)
hi <- avg+(1.968*10/25**0.5)
lo
hi
